00110000
11110011
00000000
00000000
00000000
00000000
00000000
00000000
00000000
00001000
00110000
11110010
00000000
00000000
00000000
00000000
00000000
00000000
00000000
00000010
01100000
00100011
01000000
00100000
00000000
00000000
00000000
00000000
00000000
00000000
00000000
00001000
10100000
00100000
10000000
00000000
00000000
00000000
00000000
00000000
00000000
00000000
00110000
00000000
00000000
00000010
00000000
00000000
01010000
11000000
00000000
00000000
00000000
00000000
00000000
00000000
00000000
00001000
01110001
00000000
00000000
00000000
00000000
00000000
00000000
00000000
00110000
10011000